-0.14 0.04
0.02 -0.3
0.04 -0.68
-0.04 -0.72
0.14 -1.08
-0.06 -1.17
-0.04 -1.16
0.02 -1.15
0.12 -1.19
0.08 -0.84
-0.02 -0.95
0.06 -1.03
0.06 -1.27
0.16 -1.28
0.2 -1.32
0.22 -1.17
0.14 -1.21
0.16 -1.2
0.08 -1.32
0.04 -1.25
-0.04 -1.35
-0.1 -1.18
-0.08 -1.31
-0.14 -1.25
-0.34 -1.18
-0.36 -1.1
-0.5 -1.17
-0.62 -1.31
-0.7 -1.34
-0.72 -1.36
-0.74 -1.27
-0.78 -1.4
-0.74 -1.31
-0.72 -1.28
-0.6 -1.04
-0.66 -1.04
-0.66 -1.03
-0.64 -1.13
-0.76 -1.3
-0.78 -1.39
-0.8 -1.5
-0.78 -1.5
-0.8 -1.47
-0.78 -1.5
-0.7 -1.49
-0.7 -1.55
-0.74 -1.45
-0.74 -1.45
-0.8 -1.56
-0.92 -1.77
-0.88 -1.6
-0.86 -1.59
-0.82 -1.56
-0.86 -1.68
-0.86 -1.6
-0.92 -1.75
-0.9 -1.64
-0.9 -1.61
-0.86 -1.54
-0.9 -1.62
-0.88 -1.57
-0.9 -1.72
-0.92 -1.76
-0.94 -1.76
-0.94 -1.78
-0.8 -1.48
-0.78 -1.31
-0.8 -1.36
-0.68 -1.37
-0.62 -1.42
-0.46 -1.35
-0.44 -1.24
-0.5 -1.36
-0.56 -1.38
-0.5 -1.48
-0.42 -1.38
-0.42 -1.35
-0.48 -1.41
-0.52 -1.37
-0.54 -1.32
-0.52 -1.15
-0.48 -0.98
-0.44 -0.92
-0.36 -0.98
-0.6 -1.06
-0.58 -1.14
-0.5 -0.95
-0.44 -0.9
-0.36 -0.99
-0.28 -0.9
-0.36 -1
-0.38 -0.77
-0.3 -0.87
-0.36 -0.98
-0.28 -0.89
-0.32 -1
-0.26 -1.01
-0.4 -1.15
-0.38 -0.98
-0.38 -0.96
-0.28 -1.09
-0.44 -1.12
-0.46 -1.27
-0.48 -1.28
-0.48 -1.13
-0.46 -1.07
-0.44 -0.89
-0.48 -0.94
-0.56 -1.13
-0.76 -1.45
-0.84 -1.46
-0.84 -1.59
-0.86 -1.6
-0.88 -1.6
-0.9 -1.68
-0.96 -1.82
-0.92 -1.7
-0.9 -1.7
-0.88 -1.64
-0.92 -1.76
-0.88 -1.61
-0.88 -1.61
-0.86 -1.5
-0.84 -1.48
-0.74 -1.46
-0.74 -1.26
-0.74 -1.34
-0.76 -1.32
-0.72 -1.21
-0.86 -1.52
-0.9 -1.68
-0.92 -1.72
-0.88 -1.63
-0.88 -1.68
-0.94 -1.76
-0.88 -1.69
-0.9 -1.67
-0.94 -1.81
-0.84 -1.56
-0.9 -1.64
-0.88 -1.67
-0.86 -1.59
-0.74 -1.41
-0.74 -1.36
-0.72 -1.38
-0.82 -1.59
-0.92 -1.72
-0.94 -1.8
-0.84 -1.58
-0.88 -1.59
-0.9 -1.61
-0.92 -1.76
-0.92 -1.79
-0.94 -1.79
-0.88 -1.57
-0.82 -1.44
-0.82 -1.35
-0.78 -1.4
-0.82 -1.5
-0.92 -1.67
-0.9 -1.61
-0.82 -1.67
-0.82 -1.52
-0.78 -1.57
-0.7 -1.48
-0.76 -1.37
-0.76 -1.45
-0.7 -1.37
-0.6 -1.18
-0.64 -1.37
-0.6 -1.23
-0.46 -1.27
-0.36 -1.08
-0.38 -1.11
-0.4 -1.2
-0.18 -0.82
-0.38 -1.09
-0.4 -1.29
-0.44 -1.4
-0.52 -1.35
-0.6 -1.33
-0.6 -1.23
-0.56 -1.2
-0.48 -1.18
-0.56 -1.36
-0.5 -1.29
-0.44 -1.12
-0.42 -1.13
-0.58 -1.25
-0.68 -1.23
-0.62 -1.13
-0.64 -1.04
-0.7 -1.08
-0.88 -1.52
-0.86 -1.48
-0.9 -1.6
-0.86 -1.51
-0.66 -1.32
-0.62 -1.11
-0.74 -1.29
