-0.14 0.04
0.02 -0.36
0.04 -0.68
-0.04 -0.72
0.14 -1.08
-0.06 -1.16
-0.04 -1.16
0.02 -1.16
0.12 -1.2
0.08 -0.84
-0.02 -0.92
0.06 -1
0.06 -1.32
0.16 -1.28
0.2 -1.32
0.22 -1.16
0.14 -1.2
0.16 -1.2
0.08 -1.32
0.04 -1.24
-0.04 -1.36
-0.1 -1.16
-0.08 -1.32
-0.14 -1.2
-0.34 -1.24
-0.36 -1.12
-0.5 -1.2
-0.62 -1.32
-0.7 -1.32
-0.72 -1.4
-0.74 -1.24
-0.78 -1.4
-0.74 -1.32
-0.72 -1.28
-0.6 -1.04
-0.66 -1.04
-0.66 -1.04
-0.64 -1.12
-0.76 -1.32
-0.78 -1.4
-0.8 -1.48
-0.78 -1.48
-0.8 -1.48
-0.78 -1.52
-0.7 -1.48
-0.7 -1.56
-0.74 -1.44
-0.74 -1.44
-0.8 -1.56
-0.92 -1.76
-0.88 -1.6
-0.86 -1.6
-0.82 -1.56
-0.86 -1.68
-0.86 -1.6
-0.92 -1.76
-0.9 -1.64
-0.9 -1.6
-0.86 -1.52
-0.9 -1.64
-0.88 -1.56
-0.9 -1.72
-0.92 -1.76
-0.94 -1.76
-0.94 -1.76
-0.8 -1.48
-0.78 -1.32
-0.8 -1.36
-0.68 -1.4
-0.62 -1.4
-0.46 -1.36
-0.44 -1.24
-0.5 -1.36
-0.56 -1.4
-0.5 -1.48
-0.42 -1.4
-0.42 -1.36
-0.48 -1.4
-0.52 -1.36
-0.54 -1.32
-0.52 -1.16
-0.48 -0.96
-0.44 -0.92
-0.36 -1
-0.6 -1.08
-0.58 -1.16
-0.5 -0.96
-0.44 -0.88
-0.36 -1
-0.28 -0.88
-0.36 -1
-0.38 -0.76
-0.3 -0.88
-0.36 -1
-0.28 -0.88
-0.32 -1
-0.26 -1
-0.4 -1.16
-0.38 -1
-0.38 -0.96
-0.28 -1.08
-0.44 -1.12
-0.46 -1.24
-0.48 -1.28
-0.48 -1.12
-0.46 -1.08
-0.44 -0.88
-0.48 -0.96
-0.56 -1.16
-0.76 -1.44
-0.84 -1.44
-0.84 -1.56
-0.86 -1.6
-0.88 -1.6
-0.9 -1.68
-0.96 -1.84
-0.92 -1.68
-0.9 -1.72
-0.88 -1.64
-0.92 -1.76
-0.88 -1.6
-0.88 -1.6
-0.86 -1.52
-0.84 -1.48
-0.74 -1.44
-0.74 -1.24
-0.74 -1.36
-0.76 -1.32
-0.72 -1.16
-0.86 -1.52
-0.9 -1.68
-0.92 -1.72
-0.88 -1.64
-0.88 -1.68
-0.94 -1.76
-0.88 -1.68
-0.9 -1.68
-0.94 -1.8
-0.84 -1.56
-0.9 -1.64
-0.88 -1.68
-0.86 -1.6
-0.74 -1.4
-0.74 -1.36
-0.72 -1.36
-0.82 -1.6
-0.92 -1.72
-0.94 -1.8
-0.84 -1.56
-0.88 -1.6
-0.9 -1.6
-0.92 -1.76
-0.92 -1.8
-0.94 -1.8
-0.88 -1.56
-0.82 -1.44
-0.82 -1.36
-0.78 -1.4
-0.82 -1.52
-0.92 -1.68
-0.9 -1.6
-0.82 -1.68
-0.82 -1.52
-0.78 -1.56
-0.7 -1.48
-0.76 -1.36
-0.76 -1.44
-0.7 -1.36
-0.6 -1.2
-0.64 -1.36
-0.6 -1.24
-0.46 -1.28
-0.36 -1.04
-0.38 -1.12
-0.4 -1.2
-0.18 -0.8
-0.38 -1.08
-0.4 -1.28
-0.44 -1.4
-0.52 -1.36
-0.6 -1.32
-0.6 -1.24
-0.56 -1.16
-0.48 -1.2
-0.56 -1.36
-0.5 -1.28
-0.44 -1.12
-0.42 -1.12
-0.58 -1.24
-0.68 -1.24
-0.62 -1.08
-0.64 -1.04
-0.7 -1.08
-0.88 -1.56
-0.86 -1.48
-0.9 -1.6
-0.86 -1.52
-0.66 -1.32
-0.62 -1.12
-0.74 -1.28
-0.86 -1.6
-0.8 -1.52
-0.68 -1.4
-0.66 -1.48
-0.72 -1.32
-0.7 -1.44
-0.66 -1.44
-0.72 -1.56
-0.68 -1.48
-0.68 -1.52
-0.64 -1.48
-0.7 -1.48
-0.68 -1.28
-0.78 -1.4
-0.66 -1.36
-0.6 -1.44
-0.6 -1.4
-0.6 -1.16
-0.64 -1.44
-0.68 -1.44
-0.66 -1.48
-0.66 -1.28
-0.7 -1.36
-0.76 -1.44
-0.78 -1.36
-0.68 -1.28
-0.7 -1.32
-0.74 -1.32
-0.7 -1.32
-0.76 -1.32
-0.76 -1.36
-0.74 -1.44
-0.62 -1.2
-0.52 -1
-0.48 -0.96
-0.5 -0.96
-0.48 -0.88
-0.5 -1.04
-0.52 -0.92
-0.24 -1.16
-0.18 -1.2
-0.04 -1.12
-0.08 -1.16
-0.02 -1.16
-0.04 -1.08
-0.14 -0.88
-0.08 -0.92
-0.04 -1.08
-0.06 -1.08
-0.02 -0.96
-0.06 -1.08
-0.2 -1.08
-0.3 -0.96
-0.2 -0.8
-0.28 -0.96
-0.42 -1.12
-0.32 -1.04
-0.22 -0.96
-0.24 -0.96
-0.04 -0.92
-0.02 -0.96
-0.12 -0.96
-0.3 -0.76
-0.18 -0.88
-0.2 -0.88
-0.02 -1.04
0.12 -0.92
0.1 -0.72
0.16 -0.64
0.16 -0.8
-0.08 -0.92
-0.12 -0.76
-0.14 -0.48
0.04 -0.6
0 -0.76
0.14 -1
0.14 -1.08
0.18 -0.96
0.3 -1.12
0.24 -0.96
0.22 -1.12
0.32 -1.12
0.3 -1.04
0.4 -0.92
0.18 -0.88
0.08 -0.84
-0.04 -0.92
0.06 -0.96
0.18 -1.12
0.24 -0.96
0.16 -1.24
0.12 -1.24
0.24 -1.24
0.18 -1.24
-0.02 -1.28
0 -1.36
0.04 -1.44
0.24 -1.24
0.26 -1.28
0.22 -1.16
0.26 -1.16
0.38 -1.24
0.38 -1.08
0.52 -1.24
0.64 -1.28
0.68 -1.32
0.64 -1.28
0.62 -1.24
0.68 -1.52
0.8 -1.56
0.88 -1.68
0.8 -1.6
0.74 -1.56
0.8 -1.6
0.74 -1.6
0.72 -1.52
0.64 -1.4
0.76 -1.4
0.86 -1.56
0.84 -1.52
0.7 -1.44
0.74 -1.56
0.82 -1.52
0.82 -1.48
0.86 -1.56
0.92 -1.76
0.92 -1.72
0.92 -1.68
0.9 -1.68
0.82 -1.64
0.78 -1.44
0.84 -1.48
0.88 -1.6
0.9 -1.68
0.84 -1.52
0.78 -1.44
0.86 -1.52
0.84 -1.4
0.98 -1.92
0.96 -1.84
0.86 -1.64
0.92 -1.76
0.96 -1.88
0.88 -1.64
0.92 -1.68
0.84 -1.52
0.82 -1.52
0.8 -1.52
0.8 -1.52
0.76 -1.36
0.82 -1.4
0.78 -1.48
0.78 -1.36
0.7 -1.2
0.7 -1.36
0.7 -1.4
0.62 -1.56
0.62 -1.36
0.56 -1.28
0.52 -1.28
0.44 -1.16
0.4 -0.96
0.58 -1
0.62 -1.16
0.52 -0.88
0.48 -0.88
0.58 -0.92
0.64 -1.12
0.56 -1.12
0.7 -1.32
0.68 -1.16
0.56 -0.96
0.7 -1
0.64 -1.2
0.76 -1.24
0.84 -1.48
0.86 -1.52
0.8 -1.48
0.86 -1.56
0.92 -1.68
0.94 -1.76
0.96 -1.84
0.94 -1.76
0.88 -1.56
0.94 -1.76
0.9 -1.72
0.94 -1.76
0.96 -1.84
0.92 -1.76
0.84 -1.6
0.84 -1.56
0.88 -1.64
0.9 -1.68
0.92 -1.68
0.92 -1.72
0.94 -1.8
0.94 -1.8
0.92 -1.8
0.98 -1.92
0.94 -1.8
0.9 -1.64
0.84 -1.52
0.88 -1.6
0.84 -1.44
0.82 -1.44
0.84 -1.4
0.82 -1.44
0.72 -1.32
0.8 -1.44
0.84 -1.64
0.82 -1.6
0.78 -1.52
0.82 -1.44
0.9 -1.68
0.92 -1.68
0.86 -1.52
0.94 -1.76
0.9 -1.8
0.9 -1.8
0.86 -1.64
0.86 -1.6
0.88 -1.56
0.74 -1.4
0.78 -1.48
0.88 -1.64
0.9 -1.68
0.94 -1.8
0.88 -1.76
0.9 -1.64
0.9 -1.68
0.92 -1.72
0.98 -1.92
0.86 -1.52
0.88 -1.56
0.78 -1.56
0.8 -1.56
0.76 -1.56
0.8 -1.44
0.78 -1.6
0.78 -1.56
0.9 -1.68
0.86 -1.56
0.86 -1.44
0.8 -1.48
0.82 -1.6
0.84 -1.68
0.82 -1.56
0.72 -1.44
0.6 -1.32
0.6 -1.28
0.64 -1.28
0.8 -1.48
0.88 -1.64
0.8 -1.48
0.88 -1.64
0.88 -1.52
0.96 -1.84
0.94 -1.8
0.9 -1.68
0.96 -1.84
0.88 -1.56
0.88 -1.68
0.94 -1.8
0.86 -1.6
0.92 -1.76
0.96 -1.84
0.98 -1.92
1 -2
1 -2
1 -2
0.98 -1.92
0.96 -1.88
0.96 -1.84
0.86 -1.56
0.86 -1.52
0.78 -1.4
0.74 -1.24
0.78 -1.4
0.64 -1.12
0.66 -1.28
0.62 -1.08
0.62 -1.2
0.7 -1.2
0.78 -1.36
0.72 -1.16
0.6 -1.12
0.76 -1.44
0.74 -1.44
0.8 -1.36
0.9 -1.6
0.9 -1.6
0.94 -1.76
0.9 -1.6
0.8 -1.56
0.7 -1.32
0.58 -1.16
0.86 -1.48
0.84 -1.36
0.8 -1.4
0.84 -1.52
0.82 -1.6
0.92 -1.72
0.94 -1.76
0.98 -1.92
0.98 -1.92
0.94 -1.76
0.96 -1.84
0.96 -1.84
0.94 -1.76
0.92 -1.72
0.98 -1.92
0.98 -1.92
0.96 -1.84
0.94 -1.8
0.92 -1.76
0.92 -1.72
0.86 -1.52
0.94 -1.76
0.94 -1.8
0.92 -1.76
0.94 -1.76
0.9 -1.68
0.96 -1.84
0.96 -1.84
0.94 -1.84
0.98 -1.92
1 -2
1 -2
1 -2
0.96 -1.88
0.96 -1.88
0.96 -1.88
0.98 -1.92
0.96 -1.84
0.98 -1.92
0.94 -1.8
0.94 -1.8
0.82 -1.52
0.88 -1.6
0.98 -1.92
0.96 -1.84
0.98 -1.92
0.88 -1.56
0.86 -1.52
0.84 -1.48
0.78 -1.32
0.74 -1.36
0.66 -1.28
0.8 -1.4
0.7 -1.28
0.78 -1.32
0.74 -1.28
0.84 -1.52
0.88 -1.6
0.86 -1.52
0.78 -1.36
0.78 -1.4
0.78 -1.28
0.68 -1.28
0.62 -1.32
0.58 -1.32
0.68 -1.12
0.78 -1.4
0.9 -1.76
0.86 -1.68
0.8 -1.56
0.72 -1.48
0.74 -1.48
0.84 -1.56
0.9 -1.6
0.88 -1.6
0.92 -1.72
0.88 -1.6
0.86 -1.6
0.92 -1.68
0.86 -1.52
0.9 -1.64
0.9 -1.64
0.94 -1.8
0.94 -1.76
0.94 -1.76
0.98 -1.92
0.9 -1.68
0.98 -1.92
0.9 -1.68
0.94 -1.76
0.94 -1.76
0.94 -1.8
0.92 -1.72
0.96 -1.84
0.9 -1.64
0.94 -1.8
0.9 -1.68
0.92 -1.72
0.84 -1.48
0.92 -1.72
0.9 -1.68
0.9 -1.68
0.88 -1.6
0.88 -1.6
0.88 -1.56
0.86 -1.56
0.9 -1.68
0.9 -1.68
0.76 -1.32
0.64 -1.28
0.7 -1.08
0.68 -1.16
0.56 -0.92
0.46 -0.8
0.5 -0.96
0.44 -0.76
0.54 -0.96
0.56 -0.92
0.52 -1.04
0.68 -1.24
0.8 -1.36
0.8 -1.4
0.88 -1.68
0.92 -1.68
0.94 -1.8
0.9 -1.72
0.96 -1.84
0.98 -1.92
0.96 -1.88
0.96 -1.84
0.92 -1.76
0.98 -1.92
0.92 -1.76
0.86 -1.56
0.82 -1.52
0.78 -1.32
0.8 -1.52
0.9 -1.64
0.92 -1.72
0.9 -1.68
0.94 -1.84
0.94 -1.84
0.98 -1.92
1 -2
1 -2
1 -2
0.94 -1.76
0.92 -1.68
0.9 -1.6
0.9 -1.64
0.92 -1.68
0.92 -1.68
0.9 -1.68
0.9 -1.64
0.86 -1.6
0.94 -1.8
0.9 -1.68
0.78 -1.52
0.78 -1.56
0.64 -1.36
0.56 -1.28
0.68 -1.2
0.66 -1.2
0.64 -1.2
0.64 -1.08
0.76 -1.4
0.9 -1.64
0.88 -1.56
0.86 -1.48
0.9 -1.64
0.92 -1.68
0.9 -1.64
0.88 -1.56
0.9 -1.64
0.98 -1.92
0.94 -1.8
0.98 -1.92
0.96 -1.84
0.94 -1.8
0.84 -1.6
0.78 -1.44
0.72 -1.4
0.78 -1.44
0.8 -1.32
0.78 -1.32
0.74 -1.24
0.78 -1.36
0.8 -1.48
0.8 -1.36
0.78 -1.4
0.8 -1.44
0.76 -1.32
0.64 -1.2
0.44 -0.96
0.5 -0.96
0.52 -1
0.78 -1.32
0.7 -1.28
0.58 -1.16
0.48 -1.28
0.38 -1.08
0.36 -0.88
0.4 -0.92
0.4 -1.04
0.48 -1.12
0.42 -0.88
0.4 -1.08
0.4 -1.08
0.5 -1.24
0.56 -1.32
0.62 -1.4
0.6 -1.28
0.64 -1.28
0.78 -1.48
0.72 -1.48
0.66 -1.2
0.62 -1.08
0.42 -0.92
0.42 -1.12
0.58 -1.2
0.58 -1.36
0.6 -1.44
0.58 -1.24
0.64 -1.16
0.66 -1.24
0.66 -1.24
0.72 -1.36
0.78 -1.56
0.78 -1.36
0.72 -1.36
0.74 -1.48
0.82 -1.6
0.88 -1.64
0.92 -1.72
0.88 -1.6
0.92 -1.68
0.94 -1.76
0.92 -1.8
0.82 -1.68
0.88 -1.76
0.98 -1.92
0.98 -1.92
0.92 -1.68
0.84 -1.6
0.76 -1.52
0.84 -1.48
0.94 -1.76
0.84 -1.48
0.8 -1.44
0.86 -1.48
0.94 -1.76
0.98 -1.92
0.94 -1.8
0.94 -1.8
0.94 -1.76
0.92 -1.72
0.96 -1.84
0.98 -1.92
0.96 -1.84
0.8 -1.36
0.84 -1.56
0.88 -1.6
0.84 -1.44
0.76 -1.28
0.84 -1.52
0.92 -1.72
0.92 -1.72
0.86 -1.56
0.76 -1.32
0.78 -1.44
0.72 -1.44
0.78 -1.52
0.86 -1.52
0.78 -1.44
0.9 -1.64
0.78 -1.36
0.82 -1.44
0.74 -1.32
0.72 -1.28
0.78 -1.48
0.84 -1.56
0.86 -1.6
0.94 -1.76
0.94 -1.76
0.94 -1.76
0.9 -1.72
0.94 -1.84
0.96 -1.88
0.84 -1.56
0.86 -1.68
0.76 -1.48
0.66 -1.36
0.62 -1.2
0.68 -1.4
0.72 -1.48
0.9 -1.8
0.96 -1.88
0.94 -1.76
0.92 -1.68
0.94 -1.76
0.9 -1.64
0.82 -1.44
0.8 -1.68
0.84 -1.64
0.74 -1.48
0.9 -1.68
0.94 -1.8
0.9 -1.68
0.88 -1.64
0.86 -1.56
0.84 -1.48
0.84 -1.56
0.82 -1.6
0.74 -1.52
0.74 -1.52
0.84 -1.56
0.84 -1.4
0.8 -1.4
0.8 -1.4
0.64 -1.24
0.64 -1.28
0.64 -1.24
0.6 -1.24
0.6 -1.24
0.6 -1.32
0.62 -1.36
0.62 -1.24
0.64 -1.28
0.58 -1.12
0.64 -1.4
0.7 -1.36
0.64 -1.32
0.68 -1.32
0.64 -1.28
0.74 -1.32
0.76 -1.48
0.74 -1.48
0.7 -1.32
0.7 -1.4
0.8 -1.44
0.88 -1.6
0.94 -1.76
0.86 -1.6
0.88 -1.64
0.84 -1.52
0.78 -1.52
0.76 -1.48
0.7 -1.28
0.66 -1.28
0.64 -1.2
0.56 -1.24
0.54 -1.16
0.44 -1.12
0.44 -1.2
0.42 -1.16
0.5 -1.2
0.58 -1.24
0.56 -1.24
0.46 -1.08
0.52 -1.16
0.44 -1.12
0.52 -1.2
0.6 -1.28
0.7 -1.36
0.72 -1.36
0.7 -1.36
0.58 -1.2
0.56 -1.28
0.74 -1.52
0.84 -1.76
0.86 -1.72
0.84 -1.6
0.86 -1.76
0.86 -1.56
0.86 -1.6
0.76 -1.32
0.8 -1.36
0.9 -1.64
0.82 -1.64
0.84 -1.56
0.86 -1.52
0.78 -1.36
0.76 -1.32
0.74 -1.28
0.84 -1.48
0.96 -1.88
0.98 -1.92
0.92 -1.68
0.92 -1.68
0.82 -1.48
0.84 -1.4
0.8 -1.36
0.8 -1.36
0.8 -1.32
0.68 -1.44
0.6 -1.36
0.62 -1.12
0.68 -1.12
0.76 -1.4
0.88 -1.72
0.94 -1.76
0.92 -1.72
0.96 -1.84
0.96 -1.88
0.9 -1.64
0.94 -1.8
0.92 -1.72
0.92 -1.76
0.9 -1.68
0.86 -1.56
0.94 -1.76
0.94 -1.76
0.98 -1.92
0.92 -1.72
0.86 -1.56
0.88 -1.52
0.86 -1.52
0.84 -1.48
0.9 -1.64
0.88 -1.64
0.9 -1.68
0.94 -1.84
0.84 -1.52
0.8 -1.44
0.88 -1.56
0.92 -1.76
0.9 -1.68
0.92 -1.76
0.92 -1.68
0.94 -1.84
0.94 -1.8
0.84 -1.64
0.86 -1.6
0.9 -1.72
0.94 -1.8
0.92 -1.68
0.94 -1.76
0.98 -1.92
0.96 -1.84
0.92 -1.72
0.96 -1.84
0.9 -1.64
0.9 -1.64
0.92 -1.68
0.86 -1.48
0.86 -1.48
0.86 -1.52
0.74 -1.44
0.78 -1.4
0.82 -1.44
0.84 -1.56
0.84 -1.48
0.92 -1.72
0.9 -1.72
0.92 -1.68
0.9 -1.6
0.96 -1.84
0.94 -1.8
0.94 -1.76
0.92 -1.76
0.94 -1.76
0.94 -1.76
0.84 -1.48
0.82 -1.48
0.74 -1.56
0.7 -1.48
0.8 -1.6
0.84 -1.52
0.86 -1.76
0.94 -1.84
0.96 -1.84
0.92 -1.72
0.98 -1.92
0.96 -1.84
0.96 -1.84
0.94 -1.8
0.96 -1.84
0.9 -1.64
0.94 -1.8
0.94 -1.76
0.94 -1.76
0.92 -1.72
0.94 -1.76
0.96 -1.84
0.92 -1.72
0.96 -1.84
0.96 -1.84
0.92 -1.68
0.88 -1.56
0.86 -1.52
0.9 -1.64
0.86 -1.56
0.9 -1.64
0.88 -1.6
0.92 -1.72
0.9 -1.6
0.84 -1.48
0.82 -1.44
0.8 -1.36
0.88 -1.6
0.84 -1.56
0.88 -1.56
0.78 -1.4
0.76 -1.28
